2024 12 14 송단
2024 12 14 송결
2024 12 15 송단
2024 12 15 송결
2024 12 16 송단
2024 12 16 송결
2024 12 17 송단
2024 12 17 송결
2024 12 18 송단
2024 12 18 송결
2024 12 19 송단
2024 12 19 송결
2024 12 20 송단
2024 12 20 송결
2024 12 21 송단
2024 12 21 송결
2024 12 22 송단
2024 12 22 송결
2024 12 23 송단
2024 12 23 송결
2024 12 24 송단
2024 12 24 송결
2024 12 25 송단
2024 12 25 송결
2024 12 26 송단
2024 12 26 송결
2024 12 27 송단
2024 12 27 송결
2024 12 28 송단
2024 12 28 송결
2024 12 29 송단
2024 12 29 송결
2024 12 30 송단
2024 12 30 송결
2024 12 31 송단
2024 12 31 송결
2025 1 1 송단
2025 1 1 송결
2025 1 2 송단
2025 1 2 송결
2025 1 3 송단
2025 1 3 송결
2025 1 4 송단
2025 1 4 송결
2025 1 5 송단
2025 1 5 송결
2025 1 6 송단
2025 1 6 송결
2025 1 7 송단
2025 1 7 송결
2025 1 8 송단
2025 1 8 송결
2025 1 9 송단
2025 1 9 송결
2025 1 10 송단
2025 1 10 송결
2025 1 11 송단
2025 1 11 송결
2025 1 12 송단
2025 1 12 송결
2025 1 13 송단
2025 1 13 송결
2025 1 14 송단
2025 1 14 송결
2025 1 15 송단
2025 1 15 송결
2025 1 16 송단
2025 1 16 송결
